0 -754.273 -787.305 164.031
0 -565.867 -794.406 164.031
0 101.07 -718.625 36.0313
0 317.117 -138.578 36.0313
0 570.867 198.742 36.0313
0 673.367 315.32 36.0313
0 630.398 504.195 36.0313
0 597.656 818.095 36.0313
0 1352.63 1124.44 36.0313
0 1369.61 2142.48 36.0313
0 -383.758 2123.48 -91.9688
0 -1182.49 2241.36 36.0313
0 -1257.7 2229.35 36.0313
0 -1381.7 2102.47 36.0313
0 -1932.67 1899.27 36.0313
0 -1984.65 1331.23 68.0313
0 -1668.61 1124.56 68.0313
0 -1673.91 626.757 68.0313
0 -1899.79 -112.001 36.0313
0 -1865.63 -740.727 164.031
0 -790.398 -776.867 164.031
