0 976.945 867.977 36.0313
0 904.5 -28.6719 -59.9688
0 491.703 -91.5625 -59.9688
0 335.305 -583.094 -59.9688
0 -26.0469 -519.063 36.0313
0 -998.648 -754.094 36.0313
0 -1003.62 -1212.71 36.0313
0 -1140.98 -1321.52 36.0313
0 -1800.7 -1292.98 -59.9688
0 -1857.29 367.539 36.0313
0 -2589.31 530.586 36.0313
0 -2596.61 887.602 36.0313
0 -2060.8 963.344 36.0313
0 -1947.27 1182.77 36.0313
0 -1079.58 1200.02 36.0313
0 -1015.02 698.578 36.0313
0 -876.789 614.508 36.0313
0 -127.266 624.023 36.0313
0 -7.35938 834.039 36.0313
0 100.602 1444.86 -59.9688
0 305.102 1518.1 -59.9688
0 785.031 1538.3 -59.9688
0 1014.73 1425.31 -59.9688
0 1045.09 1101.21 36.0313
0 981.523 897.688 36.0313
