0 -890.34 1377.01 -187.969
0 -705.383 1367.77 -187.969
0 -700.555 1538.23 -187.969
0 1285.91 1640.18 -187.969
0 1294.94 1060.19 -187.969
0 1395.66 595.859 -187.969
0 1906.32 466.844 -187.969
0 1916.41 -920.344 -287.969
0 1822.49 -1000.48 -287.969
0 1627.17 -1118.43 -287.969
0 1638.62 -1524.43 -287.969
0 1954.8 -1551.89 -287.969
0 1965.41 -1693.27 -287.969
0 1398.55 -1725.35 -287.969
0 -974.008 -1733.11 -107.969
0 -929.969 -1500.84 -107.969
0 -1013.3 -1350.29 -107.969
0 -1010.78 -553.047 -83.9688
0 -581.141 -547.914 52.0313
0 -604.625 608.273 52.0313
0 -943.688 601.234 36.0313
0 -962.438 668.617 36.0313
0 -961.938 1310.94 -187.969
