0 -652.112 -839.665 164.031
0 243.172 -746.367 36.0313
0 313.047 2.66406 36.0313
0 710.492 355.422 36.0313
0 582.141 868.938 36.0313
0 1468.38 1023.57 36.0313
0 1438.43 2148.02 36.0313
0 278.766 2169.3 -91.9688
0 1465.76 2200.6 36.0313
0 1449.13 2940.34 164.031
0 1167.87 2941.28 164.031
0 1134.16 2655.59 132
0 345.097 2586.74 132
0 317.305 1464.51 36.0313
0 -178.75 1494.41 36.0313
0 -193.003 452.058 36.0313
0 291.211 241.195 36.0313
0 222.672 -727.234 36.0313
0 -598.838 -703.25 164.031
