0 -1544 264 -27.9688
0 -1557.44 -634.477 36.0313
0 -761.695 -631.063 36.0313
0 -740.984 -104.844 36.0313
0 852.945 -145.375 132.031
0 830.828 511.18 132.031
0 1413.27 508 196.031
0 1422.83 12.2813 196.031
0 2305.47 39.8984 196.031
0 2301.61 1120.63 196.031
0 1820.36 1128.7 196.031
0 1814.28 1824.09 196.031
0 2425.98 1864.37 116.031
0 2415.73 2439.49 116.031
0 2101.36 2549.14 135.739
0 2079.5 2747.3 164.031
0 748.484 2729.28 164.031
0 755.266 2086.02 164.031
0 395.086 1851.79 164.031
0 224.813 1551.69 148.031
0 122.768 1136.54 132.031
0 112.727 864.711 132.031
0 40.9453 812.078 132.031
0 -494 803.984 36.0313
0 -520.586 595.211 36.0313
0 -1207.05 507.016 36.0313
0 -1216.7 232.555 4.03125
0 -1535.65 287.742 -27.9688
